B1pm1=100000
B1pp1=20000
B1ecm=11000
rhomax=1000
threads=1
%ggnfs_dir=..\..\..\..\ggnfs-bin\Win32\
ggnfs_dir=../ggnfs-bin/
tune_info=Intel(R) Xeon(R) CPU           X5460  @ 3.16GHz,LINUX64,2.0596e-05,0.203825,0.384442,0.100872,95.5239,3158.57
tune_info=Intel(R) Xeon(R) CPU           X5570  @ 2.93GHz,LINUX64,2.33661e-05,0.202169,0.460505,0.0985295,95.415,2926.16
ecm_qs_ratio=0.25
ecm_gnfs_ratio=0.25
